-177.72 -19.80 590 -3.93 3.71 0.23 -3.53 -5.00 -0.28 26 X Y 200601022213A  
-178.13 -17.77 612 -0.89 0.16 0.74 0.15 -0.92 0.80 26 X Y 200602021248A  
-179.04 -19.44 691 5.28 -2.26 -3.02 1.35 -2.40 -2.94 25 X Y 200705062111A  
-179.34 -22.05 603 0.95 -2.02 1.07 -2.66 -6.29 -1.92 25 X Y 200801151752A  
-179.21 -21.61 625 -0.14 0.79 -0.65 -0.59 -0.74 -0.05 27 X Y 201109151931A  
-176.38 -17.09 387 2.50 -0.11 -2.39 -2.75 -5.90 -0.51 25 X Y 201311230748A  
-178.32 -19.68 627 -0.70 0.62 0.08 -2.17 -1.93 -0.36 26 X Y 201407211454A  
-177.61 -19.76 445 1.63 -3.04 1.40 -4.89 -1.59 0.37 26 X Y 201411011857A  
-178.17 -22.13 418 -1.91 0.54 1.37 -1.64 -1.77 0.47 26 X Y 201605280538B  
-178.15 -19.77 607 0.12 -0.03 -0.09 -2.39 -1.74 -0.58 26 X Y 201609242128A  
-178.77 -23.44 418 -1.01 0.12 0.88 -1.01 -3.00 -0.44 26 X Y 201702241728A  
-178.77 -17.80 560 -1.45 6.41 -4.95 2.35 -2.41 0.33 25 X Y 201708190200A 
179.50 -25.27 541 3.54 -4.61 1.07 -0.25 -4.07 -3.46 25 X Y 200710050717A  
179.72 -25.70 512 0.26 -0.46 0.20 -0.18 -0.73 -0.50 26 X Y 200710162105A  
178.53 -17.11 604 0.54 0.16 -0.70 0.51 0.22 -0.56 27 X Y 200911091044A  
178.47 -25.95 567 -2.61 1.50 1.11 -1.95 6.71 -2.87 25 X Y 201102211057A  
179.92 -23.78 539 1.19 -1.36 0.17 -0.64 -0.51 -0.22 26 X Y 201107290742A  
179.12 -24.67 530 -0.75 0.12 0.63 -0.29 -0.18 -0.46 26 X Y 201405040915A 